General Statistics
Chromosome name	chr1	chr10	chr10_random	chr11	chr11_random	chr12	chr12_random	chr13	chr13_random	chr14	chr15	chr16	chr16_random	chr17	chr17_random	chr18	chr18_random	chr19	chr1_random	chr2	chr3	chr3_random	chr4	chr4_random	chr5	chr5_random	chr6	chr7	chr7_random	chr8	chr9	chr9_random	chrUn	
Chromosome length(bp)	23018136	18132534	751654	19809905	278698	22689597	1497158	24389607	3266957	30257997	20299006	22046005	740005	17121310	800468	29347682	5151209	24016344	560287	18775079	19333931	1213398	23858355	74924	25011797	364448	21498872	21017261	1445798	22376876	22999012	487640	43147784	
Chromosome not covered (%)	52.46	60.30	52.91	55.63	61.11	59.10	74.32	57.02	60.15	58.80	64.15	65.51	76.57	53.67	75.70	54.43	73.22	59.60	87.01	57.61	60.03	75.35	55.28	54.24	56.09	72.91	53.26	51.56	68.06	49.07	59.82	79.03	74.23	
Total Number of SNPs(/bp matched*1000)	71.05	82.95	105.46	74.18	71.07	85.17	112.18	78.55	106.30	89.44	92.53	101.52	131.92	68.94	106.38	70.56	122.42	82.20	93.26	74.50	83.87	101.51	74.50	64.72	74.49	96.61	82.86	70.44	135.47	65.45	94.84	163.37	126.17	
Number of homozigous SNPs(/bp matched*1000)	4.64	3.99	3.83	4.17	2.26	4.86	7.32	3.67	2.56	3.99	5.15	5.64	2.96	3.61	4.30	4.27	5.81	2.83	8.61	3.43	4.64	8.08	4.09	1.31	3.74	6.92	4.95	3.37	6.98	4.68	3.13	0.67	4.18	
Number of heterozigous SNPs(/bp matched*1000)	66.42	78.97	101.62	70.02	68.81	80.31	104.86	74.88	103.75	85.46	87.38	95.89	128.95	65.34	102.08	66.28	116.60	79.37	84.65	71.07	79.24	93.44	70.41	63.41	70.75	89.70	77.91	67.07	128.49	60.77	91.71	162.69	121.99	
Total Number of insertions(/bp matched*1000)	0.37	0.33	0.28	0.33	0.25	0.38	0.42	0.28	0.23	0.28	0.34	0.39	0.09	0.31	0.36	0.35	0.34	0.25	0.29	0.28	0.33	0.40	0.33	0.03	0.31	0.36	0.34	0.28	0.45	0.36	0.28	0.10	0.27	
Total Number of deletions(/bp matched*1000)	0.41	0.35	0.31	0.36	0.23	0.39	0.38	0.30	0.26	0.29	0.37	0.41	0.09	0.35	0.45	0.37	0.38	0.27	0.23	0.30	0.34	0.44	0.36	0.00	0.32	0.36	0.37	0.29	0.44	0.40	0.30	0.07	0.29	
Number of homozigous indels(/bp matched*1000)	0.25	0.17	0.15	0.21	0.13	0.22	0.21	0.16	0.10	0.15	0.23	0.24	0.00	0.16	0.13	0.21	0.21	0.11	0.25	0.17	0.21	0.34	0.19	0.00	0.16	0.29	0.23	0.17	0.32	0.26	0.12	0.01	0.18	
Number of heterozigous indels(/bp matched*1000)	0.38	0.40	0.33	0.37	0.30	0.43	0.43	0.33	0.31	0.31	0.34	0.41	0.13	0.40	0.60	0.39	0.35	0.34	0.18	0.32	0.34	0.28	0.39	0.03	0.37	0.27	0.34	0.32	0.33	0.38	0.38	0.12	0.26	
Average coverage in GC areas(n. reads)	8.87	9.10	7.86	8.93	8.35	9.16	7.79	9.12	7.59	7.88	8.50	8.33	9.24	8.98	8.56	8.91	7.85	8.59	7.49	8.75	8.69	8.19	8.77	8.50	8.80	7.77	8.07	8.91	7.62	9.19	8.91	5.79	10.04	
Average coverage in AT areas(n. reads)	9.10	9.32	8.04	9.18	8.63	9.48	8.04	9.31	7.80	8.10	8.69	8.53	9.08	9.27	8.95	9.16	7.93	8.80	7.78	9.02	8.96	8.41	9.02	8.98	9.09	8.04	8.33	9.17	7.84	9.47	9.06	6.06	10.00	

SNP base statistics
Number of transitions (/snp *100)	5.96	5.02	3.58	5.40	2.65	5.68	6.36	4.56	2.98	4.16	4.85	5.15	3.46	5.78	5.56	5.76	4.31	3.88	8.18	4.35	5.02	6.38	5.43	0.00	5.08	5.25	5.09	4.54	3.88	6.43	3.82	0.74	2.86	
Number of transversions (/snp *100)	2.08	1.38	1.06	1.67	0.87	1.77	1.96	1.32	0.65	1.35	1.71	1.74	0.57	1.47	1.03	1.87	1.42	0.89	2.27	1.35	1.68	2.23	1.66	0.05	1.45	2.37	1.91	1.39	1.81	2.26	0.92	0.06	0.96	
A content (num. SNP)	0.02	0.01	0.01	0.02	0.01	0.02	0.02	0.01	0.01	0.01	0.02	0.01	0.00	0.01	0.01	0.02	0.01	0.01	0.02	0.01	0.01	0.02	0.01	0.01	0.01	0.02	0.02	0.01	0.01	0.02	0.01	0.00	0.01	
G content (num. SNP)	0.01	0.01	0.01	0.01	0.01	0.01	0.02	0.01	0.01	0.01	0.01	0.01	0.01	0.01	0.01	0.01	0.01	0.01	0.02	0.01	0.01	0.02	0.01	0.00	0.01	0.02	0.01	0.01	0.01	0.02	0.01	0.00	0.01	
C content (num. SNP)	0.02	0.01	0.01	0.01	0.01	0.01	0.02	0.01	0.01	0.01	0.01	0.01	0.01	0.01	0.01	0.01	0.01	0.01	0.02	0.01	0.01	0.02	0.01	0.00	0.01	0.02	0.01	0.01	0.01	0.02	0.01	0.00	0.01	
T content (num. SNP)	0.02	0.01	0.01	0.02	0.01	0.02	0.02	0.01	0.01	0.01	0.01	0.01	0.01	0.01	0.01	0.02	0.01	0.01	0.02	0.01	0.01	0.02	0.02	0.01	0.01	0.02	0.02	0.01	0.01	0.02	0.01	0.00	0.01	
N content (num. SNP)	0.90	0.91	0.94	0.91	0.94	0.90	0.90	0.92	0.95	0.93	0.92	0.91	0.95	0.90	0.91	0.90	0.93	0.93	0.88	0.92	0.91	0.90	0.91	0.98	0.91	0.91	0.91	0.92	0.93	0.89	0.93	0.99	0.95	
R content (num. SNP)	0.01	0.01	0.01	0.01	0.01	0.01	0.01	0.01	0.01	0.01	0.01	0.01	0.01	0.02	0.02	0.01	0.01	0.01	0.01	0.01	0.01	0.01	0.01	0.00	0.01	0.01	0.01	0.01	0.00	0.01	0.01	0.00	0.01	
Y content (num. SNP)	0.01	0.01	0.01	0.01	0.01	0.01	0.01	0.01	0.01	0.01	0.01	0.01	0.01	0.02	0.02	0.01	0.01	0.01	0.01	0.01	0.01	0.01	0.01	0.00	0.01	0.01	0.01	0.01	0.01	0.01	0.01	0.00	0.01	
M content (num. SNP)	0.00	0.00	0.00	0.00	0.00	0.00	0.00	0.00	0.00	0.00	0.00	0.00	0.00	0.00	0.00	0.00	0.00	0.00	0.00	0.00	0.00	0.00	0.00	0.00	0.00	0.00	0.00	0.00	0.00	0.00	0.00	0.00	0.00	
S content (num. SNP)	0.00	0.00	0.00	0.00	0.00	0.00	0.00	0.00	0.00	0.00	0.00	0.00	0.00	0.00	0.00	0.00	0.00	0.00	0.00	0.00	0.00	0.00	0.00	0.00	0.00	0.00	0.00	0.00	0.00	0.00	0.00	0.00	0.00	
W content (num. SNP)	0.00	0.00	0.00	0.00	0.00	0.00	0.00	0.00	0.00	0.00	0.00	0.00	0.00	0.01	0.01	0.00	0.00	0.00	0.00	0.00	0.00	0.00	0.00	0.00	0.00	0.00	0.00	0.00	0.00	0.00	0.00	0.00	0.00	
K content (num. SNP)	0.00	0.00	0.00	0.00	0.00	0.00	0.00	0.00	0.00	0.00	0.00	0.00	0.00	0.00	0.00	0.00	0.00	0.00	0.00	0.00	0.00	0.00	0.00	0.00	0.00	0.00	0.00	0.00	0.00	0.00	0.00	0.00	0.00	
V content (num. SNP)	0.00	0.00	0.00	0.00	0.00	0.00	0.00	0.00	0.00	0.00	0.00	0.00	0.00	0.00	0.00	0.00	0.00	0.00	0.00	0.00	0.00	0.00	0.00	0.00	0.00	0.00	0.00	0.00	0.00	0.00	0.00	0.00	0.00	
D content (num. SNP)	0.00	0.00	0.00	0.00	0.00	0.00	0.00	0.00	0.00	0.00	0.00	0.00	0.00	0.00	0.00	0.00	0.00	0.00	0.00	0.00	0.00	0.00	0.00	0.00	0.00	0.00	0.00	0.00	0.00	0.00	0.00	0.00	0.00	
H content (num. SNP)	0.00	0.00	0.00	0.00	0.00	0.00	0.00	0.00	0.00	0.00	0.00	0.00	0.00	0.00	0.00	0.00	0.00	0.00	0.00	0.00	0.00	0.00	0.00	0.00	0.00	0.00	0.00	0.00	0.00	0.00	0.00	0.00	0.00	
B content (num. SNP)	0.00	0.00	0.00	0.00	0.00	0.00	0.00	0.00	0.00	0.00	0.00	0.00	0.00	0.00	0.00	0.00	0.00	0.00	0.00	0.00	0.00	0.00	0.00	0.00	0.00	0.00	0.00	0.00	0.00	0.00	0.00	0.00	0.00	


Indel base statistics
Deletion A content (/num of deletions)	0.77	0.68	0.82	0.68	0.64	0.72	0.59	0.71	0.70	0.71	0.72	0.71	0.44	0.73	0.75	0.74	0.72	0.70	0.94	0.72	0.72	0.66	0.73	-nan	0.73	0.42	0.72	0.72	0.74	0.76	0.68	0.00	0.67	
Deletion G content (/num of deletions)	0.32	0.30	0.14	0.28	0.32	0.28	0.30	0.29	0.27	0.29	0.32	0.27	0.25	0.29	0.15	0.33	0.28	0.30	0.06	0.30	0.29	0.21	0.30	-nan	0.29	0.36	0.32	0.29	0.29	0.32	0.29	0.29	0.32	
Deletion C content (/num of deletions)	0.31	0.28	0.35	0.30	0.32	0.29	0.25	0.29	0.33	0.31	0.28	0.29	0.19	0.31	0.20	0.32	0.31	0.29	0.12	0.29	0.28	0.21	0.29	-nan	0.30	0.33	0.29	0.29	0.40	0.32	0.27	0.43	0.31	
Deletion T content (/num of deletions)	0.75	0.75	0.52	0.74	0.40	0.71	0.70	0.73	0.73	0.70	0.72	0.68	0.75	0.73	0.51	0.73	0.72	0.69	0.59	0.75	0.70	0.70	0.74	-nan	0.69	1.00	0.73	0.75	0.63	0.76	0.71	0.86	0.69	
Insertion A content (/num of Insertions)	0.68	0.66	0.70	0.64	0.89	0.68	0.66	0.66	0.63	0.65	0.69	0.67	0.56	0.64	0.54	0.68	0.58	0.62	0.62	0.69	0.66	0.71	0.68	0.00	0.65	0.47	0.68	0.73	0.62	0.72	0.68	0.40	0.63	
Insertion G content (/num of Insertions)	0.29	0.25	0.22	0.26	0.67	0.27	0.17	0.28	0.22	0.26	0.26	0.27	0.31	0.26	0.27	0.30	0.23	0.27	0.24	0.32	0.28	0.24	0.29	0.00	0.29	0.39	0.27	0.30	0.24	0.30	0.25	0.10	0.29	
Insertion C content (/num of Insertions)	0.29	0.26	0.26	0.28	0.26	0.25	0.17	0.27	0.24	0.26	0.27	0.27	0.12	0.27	0.27	0.28	0.26	0.26	0.62	0.28	0.26	0.26	0.26	1.00	0.28	0.42	0.28	0.26	0.23	0.30	0.27	0.40	0.27	
Insertion T content (/num of Insertions)	0.71	0.67	0.58	0.68	1.07	0.67	0.47	0.68	0.59	0.66	0.66	0.68	0.50	0.64	0.66	0.67	0.64	0.63	0.71	0.66	0.68	0.74	0.69	0.00	0.67	0.64	0.68	0.69	0.61	0.70	0.65	0.70	0.61	
